3,2016-04-16 16:18:09,92.5,33.6,43.7,1,42.05,1,1,KCTFAIRF23,2016-04-16 16:18:11,65.3,18,35.78,18.5,East,70,4.9,6.43,7.88,1023,30.21,-,2.1,571.51,3,0.00,0,0.00 in (0 mm),0,0,4.0,75.54,0,6,3
3,2016-04-16 16:20:01,92.5,33.6,42.6,1,42.12,1,1,KCTFAIRF23,2016-04-16 16:20:03,65.5,18,35.98,18.6,North,5,7.4,9.65,11.90,1023,30.21,-,2.2,588.51,3,0.00,0,0.00 in (0 mm),0,0,6.0,75.61,0,2,3
3,2016-04-16 16:25:02,92.3,33.5,41.2,1,42.11,1,1,KCTFAIRF23,2016-04-16 16:25:09,65.5,19,36.34,18.6,North,2,4.9,5.47,7.88,1023,30.21,-,2.4,605.6,3,0.00,0,0.00 in (0 mm),0,0,3.4,75.6,0,11,1
3,2016-04-16 16:30:01,92.3,33.5,41.2,1,42.09,1,1,KCTFAIRF23,2016-04-16 16:30:03,65.7,18,36.18,18.7,NE,37,2.5,.32,4.02,1023,30.21,-,2.3,608.3,2,0.00,0,0.00 in (0 mm),0,0,0.2,75.58,0,6,4
3,2016-04-16 16:35:01,92.3,33.5,45.2,1,42.12,1,1,KCTFAIRF23,2016-04-16 16:35:03,65.8,20,37,18.7,North,354,2.5,.64,4.02,1023,30.22,-,2.7,573.6,2,0.00,0,0.00 in (0 mm),0,0,0.4,75.61,0,5,2
3,2016-04-16 16:40:01,92.4,33.5,45.2,1,42.16,1,1,KCTFAIRF23,2016-04-16 16:40:02,65.7,20,36.9,18.7,North,349,4.9,4.02,7.88,1023,30.21,-,2.7,545.66,2,0.00,0,0.00 in (0 mm),0,0,2.5,75.65,0,12,4
3,2016-04-16 16:45:01,92.4,33.5,41.9,1,42.17,1,1,KCTFAIRF23,2016-04-16 16:45:03,65.7,21,37.26,18.7,North,350,2.5,1.44,4.02,1023,30.21,-,2.9,556.65,2,0.00,0,0.00 in (0 mm),0,0,0.9,75.66,0,8,3
3,2016-04-16 16:50:01,92.7,33.7,41.9,1,42.21,1,1,KCTFAIRF23,2016-04-16 16:50:02,65.7,21,37.26,18.7,North,14,7.4,7.88,11.90,1023,30.21,-,2.9,560.75,2,0.00,0,0.00 in (0 mm),0,0,4.9,75.7,0,5,8
3,2016-04-16 16:55:01,92.5,33.6,43,1,42.17,1,1,KCTFAIRF23,2016-04-16 16:55:09,65.7,21,37.26,18.7,North,342,4.9,7.24,7.88,1023,30.21,-,2.9,550.97,2,0.00,0,0.00 in (0 mm),0,0,4.5,75.66,0,5,3
3,2016-04-16 17:00:01,92.6,33.6,46.5,1,42.21,1,1,KCTFAIRF23,2016-04-16 17:00:09,65.7,20,36.9,18.7,East,109,4.9,6.92,7.88,1023,30.21,-,2.7,534.4,2,0.00,0,0.00 in (0 mm),0,0,4.3,75.7,0,2,3
3,2016-04-16 17:05:01,92.6,33.6,46.5,1,42.16,1,1,KCTFAIRF23,2016-04-16 17:05:03,65.7,21,37.26,18.7,North,353,2.5,1.77,4.02,1023,30.22,-,2.9,538.77,2,0.00,0,0.00 in (0 mm),0,0,1.1,75.65,0,4,3
3,2016-04-16 17:10:01,92.6,33.6,45.4,1,42.16,1,1,KCTFAIRF23,2016-04-16 17:10:04,65.8,22,37.72,18.7,North,358,7.4,8.20,11.90,1023,30.21,-,3.1,337.65,2,0.00,0,0.00 in (0 mm),0,0,5.1,75.65,0,7,9
3,2016-04-16 17:15:01,92.5,33.6,45.4,1,42.14,1,1,KCTFAIRF23,2016-04-16 17:15:03,65.8,21,37.36,18.7,North,356,4.9,7.24,7.88,1023,30.21,-,2.9,257.65,1,0.00,0,0.00 in (0 mm),0,0,4.5,75.63,0,4,4
3,2016-04-16 17:20:01,92.5,33.6,44.6,1,42.18,1,1,KCTFAIRF23,2016-04-16 17:20:02,65.7,22,37.62,18.7,North,339,9.8,10.46,15.77,1023,30.21,-,3.1,281.91,1,0.00,0,0.00 in (0 mm),0,0,6.5,75.67,0,1,1
3,2016-04-16 17:25:01,92.2,33.4,44.6,1,42.14,1,1,KCTFAIRF23,2016-04-16 17:25:02,65.7,21,37.26,18.7,NE,62,2.5,1.44,4.02,1023,30.21,-,2.9,282.52,1,0.00,0,0.00 in (0 mm),0,0,0.9,75.63,0,2,1
3,2016-04-16 17:30:01,92.4,33.5,48.1,1,42.1,1,1,KCTFAIRF23,2016-04-16 17:30:09,65.7,20,36.9,18.7,NE,66,2.5,.64,4.02,1023,30.21,-,2.7,441.31,1,0.00,0,0.00 in (0 mm),0,0,0.4,75.59,0,2,1
3,2016-04-16 17:35:01,92.4,33.5,48.1,1,42.13,1,1,KCTFAIRF23,2016-04-16 17:35:02,65.5,21,37.06,18.6,North,18,0.0,0,0,1023,30.21,-,2.8,253.04,1,0.00,0,0.00 in (0 mm),0,0,0.0,75.62,0,1,0
3,2016-04-16 17:40:01,92.4,33.5,48.6,1,42.16,1,1,KCTFAIRF23,2016-04-16 17:40:03,65.3,22,37.22,18.5,East,80,4.9,6.92,7.88,1023,30.22,-,2.9,265.61,1,0.00,0,0.00 in (0 mm),0,0,4.3,75.65,0,3,4
3,2016-04-16 17:45:01,92.3,33.5,48.6,1,42.2,1,1,KCTFAIRF23,2016-04-16 17:45:03,65.3,22,37.22,18.5,NE,51,2.5,2.89,4.02,1023,30.22,-,2.9,305.89,1,0.00,0,0.00 in (0 mm),0,0,1.8,75.69,0,1,4
3,2016-04-16 17:50:01,92.3,33.5,45.1,1,42.2,1,1,KCTFAIRF23,2016-04-16 17:50:03,65.3,21,36.86,18.5,NE,32,9.8,8.20,15.77,1023,30.22,-,2.7,181,1,0.00,0,0.00 in (0 mm),0,0,5.1,75.69,0,1,1
3,2016-04-16 17:55:01,92.3,33.5,26.6,1,42.18,1,1,KCTFAIRF23,2016-04-16 17:55:09,65.3,21,36.86,18.5,NE,25,4.9,4.66,7.88,1023,30.22,-,2.7,177.83,1,0.00,0,0.00 in (0 mm),0,0,2.9,75.67,0,0,1
3,2016-04-16 18:00:02,92.3,33.5,43.4,1,42.19,1,1,KCTFAIRF23,2016-04-16 18:00:09,65.1,21,36.66,18.3,NE,25,0.0,0,0,1023,30.22,-,2.5,132.8,1,0.00,0,0.00 in (0 mm),0,0,0.0,75.68,0,1,0
3,2016-04-16 18:05:02,92.3,33.5,43.4,1,42.19,1,1,KCTFAIRF23,2016-04-16 18:05:03,65.1,19,35.94,18.3,NE,62,2.5,2.09,4.02,1023,30.22,-,2.1,157.21,1,0.00,0,0.00 in (0 mm),0,0,1.3,75.68,0,2,4
3,2016-04-16 18:10:01,92.3,33.5,37.4,1,42.13,1,1,KCTFAIRF23,2016-04-16 18:10:03,64.6,20,35.8,18.1,SE,126,2.5,2.09,4.02,1023,30.22,-,2.1,100.44,1,0.00,0,0.00 in (0 mm),0,0,1.3,75.62,0,3,3
3,2016-04-16 18:15:01,92.8,33.7,37.4,1,42.14,1,1,KCTFAIRF23,2016-04-16 18:15:03,63.9,22,35.82,17.7,South,167,4.9,5.47,7.88,1023,30.22,-,2.1,107.33,1,0.00,0,0.00 in (0 mm),0,0,3.4,75.63,0,2,2
3,2016-04-16 18:20:01,92.8,33.7,37.3,1,42.15,1,1,KCTFAIRF23,2016-04-16 18:20:02,63,21,34.56,17.2,South,165,4.9,4.02,7.88,1023,30.22,-,1.4,105.84,1,0.00,0,0.00 in (0 mm),0,0,2.5,75.64,0,1,1
3,2016-04-16 18:25:01,92.6,33.6,37.3,1,42.14,1,1,KCTFAIRF23,2016-04-16 18:25:03,61.9,21,33.46,16.6,SE,142,4.9,7.24,7.88,1023,30.23,-,.8,93.08,1,0.00,0,0.00 in (0 mm),0,0,4.5,75.63,0,1,3
3,2016-04-16 18:30:01,92.6,33.6,31.4,1,42.13,1,1,KCTFAIRF23,2016-04-16 18:30:02,60.8,23,33.08,16.0,SE,151,7.4,8.20,11.90,1023,30.23,-,.6,106.4,1,0.00,0,0.00 in (0 mm),0,0,5.1,75.62,0,1,1
3,2016-04-16 18:35:02,92.3,33.5,31.4,1,42.15,1,1,KCTFAIRF23,2016-04-16 18:35:03,59.5,23,31.78,15.2,SE,157,4.9,6.92,7.88,1023,30.22,-,-.1,119.67,1,0.00,0,0.00 in (0 mm),0,0,4.3,75.64,0,0,0
3,2016-04-16 18:40:01,92.3,33.5,42.8,1,42.13,1,1,KCTFAIRF23,2016-04-16 18:40:02,59,22,30.92,15.0,SE,148,7.4,8.20,11.90,1023,30.23,-,-.6,102.21,1,0.00,0,0.00 in (0 mm),0,0,5.1,75.62,0,0,0
3,2016-04-16 18:45:01,92.4,33.5,42.8,1,42.13,1,1,KCTFAIRF23,2016-04-16 18:45:02,58.3,24,30.94,14.6,South,186,7.4,6.43,11.90,1023,30.23,-,-.5,80.46,1,0.00,0,0.00 in (0 mm),0,0,4.0,75.62,0,0,0
3,2016-04-16 18:50:01,92.4,33.5,36.8,1,42.11,1,1,KCTFAIRF23,2016-04-16 18:50:03,57.7,24,30.34,14.2,South,183,2.5,3.21,4.02,1024,30.24,-,-.9,92.06,1,0.00,0,0.00 in (0 mm),0,0,2.0,75.6,0,0,0
3,2016-04-16 18:55:01,91.6,33.1,36.8,1,42.08,1,1,KCTFAIRF23,2016-04-16 18:55:02,57.4,25,30.4,14.1,SE,155,4.9,4.34,7.88,1024,30.24,-,-.8,64.6,1,0.00,0,0.00 in (0 mm),0,0,2.7,75.57,0,2,1
3,2016-04-16 19:00:01,92,33.3,29.1,1,42.09,1,1,KCTFAIRF23,2016-04-16 19:00:09,57,24,29.64,13.8,South,160,2.5,3.21,4.02,1024,30.24,-,-1.3,28.41,0,0.00,0,0.00 in (0 mm),0,0,2.0,75.58,0,0,0
3,2016-04-16 19:05:01,91.4,33,32.3,1,42.08,1,1,KCTFAIRF23,2016-04-16 19:05:09,56.7,25,29.7,13.7,SE,132,2.5,2.09,4.02,1023,30.23,-,-1.2,27.24,0,0.00,0,0.00 in (0 mm),0,0,1.3,75.57,0,2,1
3,2016-04-16 19:10:01,91.5,33,34.4,1,42.07,1,1,KCTFAIRF23,2016-04-16 19:10:09,56.1,25,29.1,13.3,South,164,4.9,4.66,7.88,1024,30.24,-,-1.6,19.36,0,0.00,0,0.00 in (0 mm),0,0,2.9,75.56,0,2,1
3,2016-04-16 19:15:01,91.5,33,34.4,1,42.05,1,1,KCTFAIRF23,2016-04-16 19:15:03,55.9,25,28.9,13.2,SE,145,4.9,5.47,7.88,1024,30.24,-,-1.7,12.81,0,0.00,0,0.00 in (0 mm),0,0,3.4,75.54,0,0,0
3,2016-04-16 19:20:01,91.5,33,42.1,1,42.04,1,1,KCTFAIRF23,2016-04-16 19:20:02,55.6,27,29.32,13.1,East,82,0.0,0,0,1024,30.24,-,-1.4,9.7,0,0.00,0,0.00 in (0 mm),0,0,0.0,75.53,0,0,0
3,2016-04-16 19:25:01,91.6,33.1,42.1,1,42.03,1,1,KCTFAIRF23,2016-04-16 19:25:03,55.4,27,29.12,13.0,NE,40,0.0,0,0,1024,30.24,-,-1.6,5.75,0,0.00,0,0.00 in (0 mm),0,0,0.0,75.52,0,0,0
3,2016-04-16 19:30:01,91.6,33.1,40.5,1,42.03,1,1,KCTFAIRF23,2016-04-16 19:30:03,55,28,29.08,12.7,NE,36,0.0,0,0,1024,30.24,-,-1.6,3.15,0,0.00,0,0.00 in (0 mm),0,0,0.0,75.52,0,0,0
3,2016-04-16 19:35:01,91.3,32.9,40.5,1,42.03,1,1,KCTFAIRF23,2016-04-16 19:35:03,54.7,28,28.78,12.6,NE,25,0.0,0,0,1024,30.24,-,-1.7,0.92,0,0.00,0,0.00 in (0 mm),0,0,0.0,75.52,0,0,0
3,2016-04-16 19:40:02,91.3,32.9,40.9,1,42.06,1,1,KCTFAIRF23,2016-04-16 19:40:04,54.5,29,28.94,12.5,East,99,0.0,0,0,1024,30.24,-,-1.7,0,0,0.00,0,0.00 in (0 mm),0,0,0.0,75.55,0,0,0
3,2016-04-16 19:45:01,91.1,32.8,40.9,1,42.05,1,1,KCTFAIRF23,2016-04-16 19:45:03,54.3,29,28.74,12.3,SE,129,2.5,1.44,4.02,1024,30.24,-,-1.8,0,0,0.00,0,0.00 in (0 mm),0,0,0.9,75.54,0,0,0
3,2016-04-16 19:50:02,90.8,32.6,39.5,1,42.04,1,1,KCTFAIRF23,2016-04-16 19:50:09,54.1,30,28.9,12.2,SE,127,2.5,1.77,4.02,1024,30.24,-,-1.7,0,0,0.00,0,0.00 in (0 mm),0,0,1.1,75.53,0,0,0
3,2016-04-16 19:55:01,90.8,32.6,39.5,1,42.05,1,1,KCTFAIRF23,2016-04-16 19:55:03,54,32,29.52,12.2,SE,155,2.5,2.09,4.02,1024,30.24,-,-1.3,0,0,0.00,0,0.00 in (0 mm),0,0,1.3,75.54,0,0,0
3,2016-04-16 20:00:01,90.8,32.6,28.6,1,42.03,1,1,KCTFAIRF23,2016-04-16 20:00:03,53.8,32,29.32,12.1,SE,132,2.5,.64,4.02,1024,30.25,-,-1.4,0,0,0.00,0,0.00 in (0 mm),0,0,0.4,75.52,0,0,0
3,2016-04-16 20:05:01,90,32.2,28.6,1,42.03,1,1,KCTFAIRF23,2016-04-16 20:05:02,53.6,32,29.12,12.0,SW,222,0.0,0,0,1024,30.24,-,-1.6,0,0,0.00,0,0.00 in (0 mm),0,0,0.0,75.52,0,0,0
3,2016-04-16 20:10:01,90,32.2,34.4,1,42.03,1,1,KCTFAIRF23,2016-04-16 20:10:02,53.4,32,28.92,11.8,NE,63,0.0,0,0,1024,30.25,-,-1.7,0,0,0.00,0,0.00 in (0 mm),0,0,0.0,75.52,0,0,0
3,2016-04-16 20:15:01,90.1,32.2,34.4,1,42.01,1,1,KCTFAIRF23,2016-04-16 20:15:02,53.4,35,30,11.8,NE,42,0.0,0,0,1024,30.26,-,-1.1,0,0,0.00,0,0.00 in (0 mm),0,0,0.0,75.5,0,0,0
3,2016-04-16 20:20:01,90.1,32.2,36,1,42.01,1,1,KCTFAIRF23,2016-04-16 20:20:02,53.2,37,30.52,11.7,South,159,2.5,.64,4.02,1024,30.26,-,-.8,0,0,0.00,0,0.00 in (0 mm),0,0,0.4,75.5,0,0,0
3,2016-04-16 20:25:01,89.6,32,39.5,1,42.02,1,1,KCTFAIRF23,2016-04-16 20:25:08,53.1,39,31.14,11.7,South,184,4.9,6.92,7.88,1024,30.26,-,-.4,0,0,0.00,0,0.00 in (0 mm),0,0,4.3,75.51,0,0,0
3,2016-04-16 20:30:01,89.6,32,39.5,1,42.01,1,1,KCTFAIRF23,2016-04-16 20:30:02,52.9,39,30.94,11.6,South,177,2.5,3.21,4.02,1024,30.26,-,-.5,0,0,0.00,0,0.00 in (0 mm),0,0,2.0,75.5,0,0,0
3,2016-04-16 20:35:01,89.6,32,30.5,1,42.01,1,1,KCTFAIRF23,2016-04-16 20:35:03,52.9,40,31.3,11.6,SE,133,2.5,1.77,4.02,1024,30.26,-,-.3,0,0,0.00,0,0.00 in (0 mm),0,0,1.1,75.5,0,0,0
3,2016-04-16 20:40:02,90,32.2,30.5,1,42.01,1,1,KCTFAIRF23,2016-04-16 20:40:03,52.7,40,31.1,11.5,East,95,0.0,0,0,1024,30.26,-,-.5,0,0,0.00,0,0.00 in (0 mm),0,0,0.0,75.5,0,0,0
3,2016-04-16 20:45:02,90,32.2,31.6,1,42.01,1,1,KCTFAIRF23,2016-04-16 20:45:03,52.7,42,31.82,11.5,SE,126,2.5,1.77,4.02,1024,30.26,-,-.1,0,0,0.00,0,0.00 in (0 mm),0,0,1.1,75.5,0,0,0
3,2016-04-16 20:50:01,90,32.2,31.6,1,41.99,1,1,KCTFAIRF23,2016-04-16 20:50:03,52.7,45,32.9,11.5,SE,155,4.9,4.66,7.88,1024,30.26,-,.5,0,0,0.00,0,0.00 in (0 mm),0,0,2.9,75.48,0,0,0
3,2016-04-16 20:55:01,90,32.2,42,1,42.01,1,1,KCTFAIRF23,2016-04-16 20:55:03,52.5,49,34.14,11.3,SE,143,4.9,4.34,7.88,1025,30.27,-,1.1,0,0,0.00,0,0.00 in (0 mm),0,0,2.7,75.5,0,0,0
3,2016-04-16 21:00:01,90,32.2,42,1,41.99,1,1,KCTFAIRF23,2016-04-16 21:00:02,52.3,50,34.3,11.2,SE,157,4.9,4.34,7.88,1025,30.27,-,1.2,0,0,0.00,0,0.00 in (0 mm),0,0,2.7,75.48,0,0,0
3,2016-04-16 21:05:01,90.6,32.5,29.8,1,41.98,1,1,KCTFAIRF23,2016-04-16 21:05:09,52.2,52,34.92,11.2,South,170,4.9,6.43,7.88,1025,30.28,-,1.6,0,0,0.00,0,0.00 in (0 mm),0,0,4.0,75.47,0,0,0
3,2016-04-16 21:10:01,90.6,32.5,29.8,1,41.97,1,1,KCTFAIRF23,2016-04-16 21:10:03,52,53,35.08,11.1,SE,136,2.5,2.09,4.02,1025,30.28,-,1.7,0,0,0.00,0,0.00 in (0 mm),0,0,1.3,75.46,0,0,0
3,2016-04-16 21:15:02,90.1,32.2,26.2,1,41.97,1,1,KCTFAIRF23,2016-04-16 21:15:09,51.6,55,35.4,10.8,SE,155,2.5,1.77,4.02,1025,30.28,-,1.8,0,0,0.00,0,0.00 in (0 mm),0,0,1.1,75.46,0,0,0
3,2016-04-16 21:20:01,90.2,32.3,26.2,1,41.96,1,1,KCTFAIRF23,2016-04-16 21:20:03,51.4,57,35.92,10.7,South,160,2.5,2.09,4.02,1025,30.28,-,2.1,0,0,0.00,0,0.00 in (0 mm),0,0,1.3,75.45,0,0,0
3,2016-04-16 21:25:01,90.2,32.3,29.9,1,41.95,1,1,KCTFAIRF23,2016-04-16 21:25:02,51.1,58,35.98,10.6,SE,121,2.5,.32,4.02,1025,30.28,-,2.2,0,0,0.00,0,0.00 in (0 mm),0,0,0.2,75.44,0,0,0
3,2016-04-16 21:30:01,90.4,32.4,29.9,1,41.94,1,1,KCTFAIRF23,2016-04-16 21:30:02,50.9,59,36.14,10.5,SW,228,2.5,2.09,4.02,1025,30.28,-,2.3,0,0,0.00,0,0.00 in (0 mm),0,0,1.3,75.43,0,0,0
3,2016-04-16 21:35:01,90.4,32.4,32.7,1,41.94,1,1,KCTFAIRF23,2016-04-16 21:35:09,50.5,59,35.74,10.2,East,95,0.0,0,0,1025,30.28,-,2.0,0,0,0.00,0,0.00 in (0 mm),0,0,0.0,75.43,0,0,0
3,2016-04-16 21:40:01,90.4,32.4,32.7,1,41.92,1,1,KCTFAIRF23,2016-04-16 21:40:02,50.4,61,36.36,10.2,North,22,0.0,0,0,1025,30.29,-,2.4,0,0,0.00,0,0.00 in (0 mm),0,0,0.0,75.41,0,0,0
3,2016-04-16 21:45:02,89.9,32.1,32.7,1,41.91,1,1,KCTFAIRF23,2016-04-16 21:45:03,50,61,35.96,10.0,North,356,0.0,0,0,1025,30.29,-,2.2,0,0,0.00,0,0.00 in (0 mm),0,0,0.0,75.4,0,0,0
3,2016-04-16 21:50:01,89.9,32.1,29.5,1,41.93,1,1,KCTFAIRF23,2016-04-16 21:50:03,49.6,61,35.56,9.7,NE,65,0.0,0,0,1025,30.29,-,1.9,0,0,0.00,0,0.00 in (0 mm),0,0,0.0,75.42,0,0,0
3,2016-04-16 21:55:01,89.6,32,29.5,1,41.92,1,1,KCTFAIRF23,2016-04-16 21:55:03,49.3,62,35.62,9.6,NE,57,0.0,0,0,1025,30.29,-,2.0,0,0,0.00,0,0.00 in (0 mm),0,0,0.0,75.41,0,0,0
3,2016-04-16 22:00:01,89.6,32,39.6,1,41.92,1,1,KCTFAIRF23,2016-04-16 22:00:02,48.9,62,35.22,9.3,SW,209,0.0,0,0,1025,30.28,-,1.7,0,0,0.00,0,0.00 in (0 mm),0,0,0.0,75.41,0,0,0
3,2016-04-16 22:05:01,90,32.2,39.6,1,41.94,1,1,KCTFAIRF23,2016-04-16 22:05:03,48.6,61,34.56,9.2,South,180,4.9,4.66,7.88,1025,30.28,-,1.4,0,0,0.00,0,0.00 in (0 mm),0,0,2.9,75.43,0,0,0
3,2016-04-16 22:10:01,90,32.2,33.2,1,41.94,1,1,KCTFAIRF23,2016-04-16 22:10:02,48.4,61,34.36,9.1,NE,52,0.0,0,0,1025,30.28,-,1.3,0,0,0.00,0,0.00 in (0 mm),0,0,0.0,75.43,0,0,0
3,2016-04-16 22:15:01,89.4,31.8,33.2,1,41.94,1,1,KCTFAIRF23,2016-04-16 22:15:02,48.2,61,34.16,9.0,SE,140,2.5,.32,4.02,1025,30.29,-,1.2,0,0,0.00,0,0.00 in (0 mm),0,0,0.2,75.43,0,0,0
3,2016-04-16 22:20:01,89.4,31.8,33.9,1,41.94,1,1,KCTFAIRF23,2016-04-16 22:20:03,48.2,60,33.8,9.0,SE,139,2.5,1.77,4.02,1025,30.29,-,1.0,0,0,0.00,0,0.00 in (0 mm),0,0,1.1,75.43,0,0,0
3,2016-04-16 22:25:01,89.2,31.7,33.9,1,41.96,1,1,KCTFAIRF23,2016-04-16 22:25:02,48.2,59,33.44,9.0,SE,137,2.5,.64,4.02,1025,30.29,-,.8,0,0,0.00,0,0.00 in (0 mm),0,0,0.4,75.45,0,0,0
3,2016-04-16 22:30:01,89.2,31.7,42.7,1,41.96,1,1,KCTFAIRF23,2016-04-16 22:30:02,48.4,58,33.28,9.1,SE,123,2.5,4.02,4.02,1025,30.29,-,.7,0,0,0.00,0,0.00 in (0 mm),0,0,2.5,75.45,0,0,0
3,2016-04-16 22:35:01,89.1,31.7,29.2,1,41.97,1,1,KCTFAIRF23,2016-04-16 22:35:09,48.4,58,33.28,9.1,NE,40,0.0,0,0,1025,30.29,-,.7,0,0,0.00,0,0.00 in (0 mm),0,0,0.0,75.46,0,0,0
3,2016-04-16 22:40:01,89.3,31.8,37.8,1,41.94,1,1,KCTFAIRF23,2016-04-16 22:40:09,48.4,60,34,9.1,East,75,0.0,0,0,1025,30.29,-,1.1,0,0,0.00,0,0.00 in (0 mm),0,0,0.0,75.43,0,0,0
3,2016-04-16 22:45:01,89.3,31.8,37.8,1,41.94,1,1,KCTFAIRF23,2016-04-16 22:45:03,48.2,61,34.16,9.0,South,165,2.5,1.44,4.02,1025,30.29,-,1.2,0,0,0.00,0,0.00 in (0 mm),0,0,0.9,75.43,0,0,0
3,2016-04-16 22:50:01,89.3,31.8,44,1,41.93,1,1,KCTFAIRF23,2016-04-16 22:50:02,48.2,62,34.52,9.0,East,103,2.5,.64,4.02,1025,30.29,-,1.4,0,0,0.00,0,0.00 in (0 mm),0,0,0.4,75.42,0,0,0
3,2016-04-16 22:55:01,90.5,32.5,38.5,1,41.92,1,1,KCTFAIRF23,2016-04-16 22:55:08,48,62,34.32,8.8,NE,59,0.0,0,0,1025,30.29,-,1.2,0,0,0.00,0,0.00 in (0 mm),0,0,0.0,75.41,0,0,0
3,2016-04-16 23:00:01,90.5,32.5,38.5,1,41.95,1,1,KCTFAIRF23,2016-04-16 23:00:02,47.7,62,34.02,8.7,North,15,0.0,0,0,1025,30.29,-,1.1,0,0,0.00,0,0.00 in (0 mm),0,0,0.0,75.44,0,0,0
3,2016-04-16 23:05:01,90.5,32.5,37.5,1,41.96,1,1,KCTFAIRF23,2016-04-16 23:05:03,47.5,63,34.18,8.6,North,349,0.0,0,0,1025,30.29,-,1.2,0,0,0.00,0,0.00 in (0 mm),0,0,0.0,75.45,0,0,0
3,2016-04-16 23:10:01,90.7,32.6,37.5,1,41.96,1,1,KCTFAIRF23,2016-04-16 23:10:02,47.1,63,33.78,8.3,North,349,0.0,0,0,1025,30.28,-,.9,0,0,0.00,0,0.00 in (0 mm),0,0,0.0,75.45,0,0,0
3,2016-04-16 23:15:01,90.7,32.6,37.4,1,41.98,1,1,KCTFAIRF23,2016-04-16 23:15:02,46.8,64,33.84,8.2,North,349,0.0,0,0,1025,30.29,-,1.0,0,0,0.00,0,0.00 in (0 mm),0,0,0.0,75.47,0,0,0
3,2016-04-16 23:20:01,89.4,31.8,33.1,1,42,1,1,KCTFAIRF23,2016-04-16 23:20:08,46.2,66,33.96,7.8,North,349,0.0,0,0,1025,30.28,-,1.0,0,0,0.00,0,0.00 in (0 mm),0,0,0.0,75.49,0,0,0
3,2016-04-16 23:25:01,89.2,31.7,30.8,1,42.05,1,1,KCTFAIRF23,2016-04-16 23:25:08,45.7,68,34.18,7.6,North,349,0.0,0,0,1025,30.28,-,1.2,0,0,0.00,0,0.00 in (0 mm),0,0,0.0,75.54,0,0,0
3,2016-04-16 23:30:01,88.9,31.6,37.3,1,42.06,1,1,KCTFAIRF23,2016-04-16 23:30:08,45,70,34.2,7.2,North,349,0.0,0,0,1025,30.28,-,1.2,0,0,0.00,0,0.00 in (0 mm),0,0,0.0,75.55,0,0,0
3,2016-04-16 23:35:01,88.9,31.6,37.3,1,42.06,1,1,KCTFAIRF23,2016-04-16 23:35:02,44.6,70,33.8,7.0,North,349,0.0,0,0,1025,30.28,-,1.0,0,0,0.00,0,0.00 in (0 mm),0,0,0.0,75.55,0,0,0
3,2016-04-16 23:40:01,88.9,31.6,36.2,1,42.08,1,1,KCTFAIRF23,2016-04-16 23:40:03,44.1,71,33.66,6.7,North,349,0.0,0,0,1025,30.28,-,.9,0,0,0.00,0,0.00 in (0 mm),0,0,0.0,75.57,0,0,0
3,2016-04-16 23:45:01,89.2,31.7,36.2,1,42.13,1,1,KCTFAIRF23,2016-04-16 23:45:02,43.9,71,33.46,6.6,North,349,0.0,0,0,1025,30.28,-,.8,0,0,0.00,0,0.00 in (0 mm),0,0,0.0,75.62,0,0,0
3,2016-04-16 23:50:01,88.7,31.5,39.8,1,42.11,1,1,KCTFAIRF23,2016-04-16 23:50:09,43.7,71,33.26,6.5,North,349,0.0,0,0,1025,30.27,-,.7,0,0,0.00,0,0.00 in (0 mm),0,0,0.0,75.6,0,0,0
3,2016-04-16 23:55:01,88.7,31.5,39.8,1,42.13,1,1,KCTFAIRF23,2016-04-16 23:55:02,43.5,71,33.06,6.3,North,349,0.0,0,0,1025,30.28,-,.5,0,0,0.00,0,0.00 in (0 mm),0,0,0.0,75.62,0,0,0
3,2016-04-17 00:00:02,88.7,31.5,35.6,1,42.12,1,1,KCTFAIRF23,2016-04-17 00:00:03,43.5,71,33.06,6.3,North,349,0.0,0,0,1025,30.28,-,.5,0,0,0.00,0,0.00 in (0 mm),0,0,0.0,75.61,0,0,0
3,2016-04-17 00:05:01,88.5,31.3,35.6,1,42.14,1,1,KCTFAIRF23,2016-04-17 00:05:03,43.2,73,33.48,6.2,North,349,0.0,0,0,1025,30.29,-,.8,0,0,0.00,0,0.00 in (0 mm),0,0,0.0,75.63,0,0,0
